F0 41 10 00 00 53 12 18 00 00 01 47 48 4F 53 54 4C 59 20 20 20 20 20 20 20 20 20 1D F7
F0 41 10 00 00 53 12 18 00 20 03 00 45 F7
F0 41 10 00 00 53 12 18 00 20 00 58 06 0E 5C F7
F0 41 10 00 00 53 12 18 00 20 04 53 71 F7
F0 41 10 00 00 53 12 18 00 20 05 40 03 F7
F0 41 10 00 00 53 12 18 00 20 06 00 42 F7
F0 41 10 00 00 53 12 18 00 20 08 01 3F F7
F0 41 10 00 00 53 12 18 00 20 09 68 57 F7
F0 41 10 00 00 53 12 18 00 20 0A 40 7E F7
F0 41 10 00 00 53 12 18 00 20 0B 40 7D F7
F0 41 10 00 00 53 12 18 00 20 0C 02 3A F7
F0 41 10 00 00 53 12 18 00 20 0F 00 39 F7
F0 41 10 00 00 53 12 18 00 20 10 7F 39 F7
F0 41 10 00 00 53 12 18 00 20 11 7F 38 F7
F0 41 10 00 00 53 12 18 00 20 12 7F 37 F7
F0 41 10 00 00 53 12 18 00 20 13 7F 36 F7
F0 41 10 00 00 53 12 18 00 20 14 7F 35 F7
F0 41 10 00 00 53 12 18 00 20 15 7F 34 F7
F0 41 10 00 00 53 12 18 00 20 16 02 30 F7
F0 41 10 00 00 53 12 18 00 30 00 07 31 F7
F0 41 10 00 00 53 12 18 00 30 01 40 77 F7
F0 41 10 00 00 53 12 18 00 30 02 40 76 F7
F0 41 10 00 00 53 12 18 00 30 10 40 68 F7
F0 41 10 00 00 53 12 18 00 30 13 40 65 F7
F0 41 10 00 00 53 12 18 00 21 03 00 44 F7
F0 41 10 00 00 53 12 18 00 21 00 58 06 0E 5B F7
F0 41 10 00 00 53 12 18 00 21 04 53 70 F7
F0 41 10 00 00 53 12 18 00 21 05 40 02 F7
F0 41 10 00 00 53 12 18 00 21 06 00 41 F7
F0 41 10 00 00 53 12 18 00 21 08 01 3E F7
F0 41 10 00 00 53 12 18 00 21 09 22 1C F7
F0 41 10 00 00 53 12 18 00 21 0A 40 7D F7
F0 41 10 00 00 53 12 18 00 21 0B 40 7C F7
F0 41 10 00 00 53 12 18 00 21 0C 02 39 F7
F0 41 10 00 00 53 12 18 00 21 0F 00 38 F7
F0 41 10 00 00 53 12 18 00 21 10 7F 38 F7
F0 41 10 00 00 53 12 18 00 21 11 7F 37 F7
F0 41 10 00 00 53 12 18 00 21 12 7F 36 F7
F0 41 10 00 00 53 12 18 00 21 13 7F 35 F7
F0 41 10 00 00 53 12 18 00 21 14 7F 34 F7
F0 41 10 00 00 53 12 18 00 21 15 7F 33 F7
F0 41 10 00 00 53 12 18 00 21 16 02 2F F7
F0 41 10 00 00 53 12 18 00 31 00 07 30 F7
F0 41 10 00 00 53 12 18 00 31 01 40 76 F7
F0 41 10 00 00 53 12 18 00 31 02 40 75 F7
F0 41 10 00 00 53 12 18 00 31 10 40 67 F7
F0 41 10 00 00 53 12 18 00 31 13 40 64 F7
F0 41 10 00 00 53 12 18 00 10 00 00 58 F7
F0 41 10 00 00 53 12 18 00 10 01 00 57 F7
F0 41 10 00 00 53 12 18 00 10 02 00 56 F7
F0 41 10 00 00 53 12 18 00 10 03 00 55 F7
F0 41 10 00 00 53 12 18 00 10 04 00 54 F7
F0 41 10 00 00 53 12 18 00 10 09 32 1D F7
F0 41 10 00 00 53 12 18 00 10 0A 00 4E F7
F0 41 10 00 00 53 12 18 00 10 0B 64 69 F7
F0 41 10 00 00 53 12 18 00 10 0C 64 68 F7
F0 41 10 00 00 53 12 18 00 10 0D 64 67 F7
F0 41 10 00 00 53 12 18 00 10 0E 64 66 F7
F0 41 10 00 00 53 12 18 00 10 0F 64 65 F7
F0 41 10 00 00 53 12 18 00 10 10 64 64 F7
F0 41 10 00 00 53 12 18 00 10 11 18 2F F7
F0 41 10 00 00 53 12 18 00 10 12 32 14 F7
F0 41 10 00 00 53 12 18 00 02 2E 01 37 F7
F0 41 10 00 00 53 12 18 00 02 32 01 33 F7
F0 41 10 00 00 53 12 18 00 02 33 32 01 F7
F0 41 10 00 00 53 12 18 00 02 30 06 04 2C F7
F0 41 10 00 00 53 12 18 00 02 3C 07 08 1B F7
F0 41 10 00 00 53 12 18 00 02 2C 00 3A F7
F0 41 10 00 00 53 12 18 00 07 00 01 60 F7
F0 41 10 00 00 53 12 18 00 07 01 22 3E F7
F0 41 10 00 00 53 12 18 00 07 02 78 67 F7
